0, 1635068850979676, 1635068850979743, 67
1, 1635068850995775, 1635068850995804, 29
2, 1635068851011164, 1635068851011187, 23
3, 1635068851027230, 1635068851027252, 22
4, 1635068851045477, 1635068851045498, 21
5, 1635068851061471, 1635068851061492, 21
6, 1635068851077447, 1635068851077468, 21
7, 1635068851093488, 1635068851093509, 21
8, 1635068851109496, 1635068851109517, 21
9, 1635068851124676, 1635068851124697, 21
10, 1635068851140695, 1635068851140716, 21
11, 1635068851156725, 1635068851156741, 16
12, 1635068851172040, 1635068851172061, 21
13, 1635068851188176, 1635068851188193, 17
14, 1635068851205507, 1635068851205528, 21
15, 1635068851220576, 1635068851220597, 21
16, 1635068851235641, 1635068851235662, 21
17, 1635068851250790, 1635068851250811, 21
18, 1635068851266760, 1635068851266778, 18
19, 1635068851281955, 1635068851281975, 20
20, 1635068851297213, 1635068851297233, 20
21, 1635068851312478, 1635068851312499, 21
22, 1635068851327815, 1635068851327831, 16
23, 1635068851343157, 1635068851343178, 21
24, 1635068851360559, 1635068851360579, 20
25, 1635068851375606, 1635068851375627, 21
26, 1635068851390715, 1635068851390735, 20
27, 1635068851405865, 1635068851405884, 19
28, 1635068851421021, 1635068851421041, 20
29, 1635068851436244, 1635068851436260, 16
30, 1635068851451485, 1635068851451506, 21
31, 1635068851466780, 1635068851466800, 20
32, 1635068851482868, 1635068851482889, 21
33, 1635068851498235, 1635068851498253, 18
34, 1635068851515609, 1635068851515629, 20
35, 1635068851530032, 1635068851530051, 19
36, 1635068851545210, 1635068851545270, 60
37, 1635068851561118, 1635068851561179, 61
38, 1635068851577092, 1635068851577151, 59
39, 1635068851593101, 1635068851593159, 58
40, 1635068851609118, 1635068851609177, 59
41, 1635068851625201, 1635068851625260, 59
42, 1635068851641326, 1635068851641385, 59
43, 1635068851657467, 1635068851657527, 60
44, 1635068851675610, 1635068851675672, 62
45, 1635068851691437, 1635068851691497, 60
46, 1635068851706556, 1635068851706621, 65
47, 1635068851720596, 1635068851720661, 65
48, 1635068851733848, 1635068851733912, 64
49, 1635068851747114, 1635068851747209, 95
50, 1635068851762313, 1635068851762429, 116
51, 1635068851776422, 1635068851776529, 107
52, 1635068851791659, 1635068851791775, 116
53, 1635068851805800, 1635068851805919, 119
54, 1635068851821086, 1635068851821201, 115
55, 1635068851836439, 1635068851836553, 114
56, 1635068851853958, 1635068851854075, 117
57, 1635068851869007, 1635068851869124, 117
58, 1635068851884108, 1635068851884224, 116
59, 1635068851898137, 1635068851898157, 20
60, 1635068851914074, 1635068851914092, 18
61, 1635068851927214, 1635068851927235, 21
62, 1635068851943205, 1635068851943307, 102
63, 1635068851957290, 1635068851957309, 19
64, 1635068851970496, 1635068851970516, 20
65, 1635068851983690, 1635068851983711, 21
66, 1635068851998995, 1635068851999016, 21
67, 1635068852012213, 1635068852012233, 20
68, 1635068852025469, 1635068852025489, 20
69, 1635068852040815, 1635068852040835, 20
70, 1635068852056255, 1635068852056358, 103
71, 1635068852070250, 1635068852070368, 118
72, 1635068852084281, 1635068852084301, 20
73, 1635068852097379, 1635068852097408, 29
74, 1635068852110522, 1635068852110627, 105
75, 1635068852125630, 1635068852125748, 118
76, 1635068852140796, 1635068852140910, 114
77, 1635068852154862, 1635068852154882, 20
78, 1635068852170940, 1635068852170960, 20
79, 1635068852184168, 1635068852184188, 20
80, 1635068852197411, 1635068852197431, 20
81, 1635068852210659, 1635068852210763, 104
82, 1635068852225258, 1635068852225375, 117
83, 1635068852239483, 1635068852239502, 19
84, 1635068852252801, 1635068852252821, 20
85, 1635068852271110, 1635068852271131, 21
86, 1635068852286889, 1635068852286908, 19
87, 1635068852299991, 1635068852300011, 20
88, 1635068852315837, 1635068852315856, 19
89, 1635068852331748, 1635068852331767, 19
90, 1635068852344877, 1635068852344897, 20
91, 1635068852360842, 1635068852360862, 20
92, 1635068852376844, 1635068852376863, 19
93, 1635068852392866, 1635068852392886, 20
94, 1635068852406103, 1635068852406124, 21
95, 1635068852425753, 1635068852425773, 20
96, 1635068852450572, 1635068852450594, 22
97, 1635068852466178, 1635068852466197, 19
98, 1635068852480736, 1635068852480756, 20
99, 1635068852495344, 1635068852495364, 20
100, 1635068852510252, 1635068852510271, 19
101, 1635068852527014, 1635068852527058, 44
102, 1635068852542644, 1635068852542664, 20
103, 1635068852557168, 1635068852557188, 20
104, 1635068852572941, 1635068852572960, 19
105, 1635068852587645, 1635068852587664, 19
106, 1635068852604404, 1635068852604424, 20
107, 1635068852620019, 1635068852620038, 19
108, 1635068852635693, 1635068852635711, 18
109, 1635068852650321, 1635068852650342, 21
110, 1635068852664997, 1635068852665018, 21
111, 1635068852684184, 1635068852684203, 19
112, 1635068852698627, 1635068852698647, 20
113, 1635068852714300, 1635068852714319, 19
114, 1635068852728918, 1635068852728937, 19
115, 1635068852743591, 1635068852743693, 102
116, 1635068852759346, 1635068852759365, 19
117, 1635068852773782, 1635068852773885, 103
118, 1635068852790502, 1635068852790619, 117
119, 1635068852807373, 1635068852807490, 117
120, 1635068852826519, 1635068852826634, 115
121, 1635068852839893, 1635068852839998, 105
122, 1635068852855477, 1635068852855497, 20
123, 1635068852871170, 1635068852871189, 19
124, 1635068852886927, 1635068852886945, 18
125, 1635068852902808, 1635068852902827, 19
126, 1635068852920051, 1635068852920069, 18
127, 1635068852933757, 1635068852933773, 16
128, 1635068852947459, 1635068852947478, 19
129, 1635068852962001, 1635068852962020, 19
130, 1635068852976643, 1635068852976664, 21
131, 1635068852992559, 1635068852992578, 19
132, 1635068853011843, 1635068853011862, 19
133, 1635068853026344, 1635068853026364, 20
134, 1635068853041055, 1635068853041075, 20
135, 1635068853054880, 1635068853054897, 17
136, 1635068853069547, 1635068853069564, 17
137, 1635068853084262, 1635068853084279, 17
138, 1635068853100177, 1635068853100198, 21
139, 1635068853115821, 1635068853115842, 21
140, 1635068853131485, 1635068853131505, 20
141, 1635068853147257, 1635068853147277, 20
142, 1635068853163117, 1635068853163138, 21
143, 1635068853180216, 1635068853180235, 19
144, 1635068853194631, 1635068853194649, 18
145, 1635068853211503, 1635068853211519, 16
146, 1635068853226297, 1635068853226317, 20
147, 1635068853241213, 1635068853241230, 17
148, 1635068853257076, 1635068853257092, 16
149, 1635068853271707, 1635068853271726, 19
150, 1635068853286500, 1635068853286516, 16
151, 1635068853301409, 1635068853301428, 19
152, 1635068853319638, 1635068853319675, 37
153, 1635068853335481, 1635068853335501, 20
154, 1635068853351419, 1635068853351439, 20
155, 1635068853366283, 1635068853366303, 20
156, 1635068853384543, 1635068853384561, 18
157, 1635068853399227, 1635068853399247, 20
158, 1635068853415234, 1635068853415253, 19
159, 1635068853430210, 1635068853430230, 20
160, 1635068853447377, 1635068853447396, 19
161, 1635068853474974, 1635068853474994, 20
162, 1635068853490837, 1635068853490855, 18
163, 1635068853505686, 1635068853505707, 21
164, 1635068853525034, 1635068853525053, 19
165, 1635068853539635, 1635068853539655, 20
166, 1635068853555508, 1635068853555527, 19
167, 1635068853570363, 1635068853570384, 21
168, 1635068853589744, 1635068853589763, 19
169, 1635068853604308, 1635068853604329, 21
170, 1635068853620198, 1635068853620217, 19
171, 1635068853635036, 1635068853635057, 21
172, 1635068853654442, 1635068853654461, 19
173, 1635068853669026, 1635068853669046, 20
174, 1635068853684940, 1635068853684960, 20
175, 1635068853702106, 1635068853702125, 19
176, 1635068853720245, 1635068853720265, 20
177, 1635068853736050, 1635068853736153, 103
178, 1635068853753021, 1635068853753136, 115
179, 1635068853772434, 1635068853772550, 116
180, 1635068853789140, 1635068853789257, 117
181, 1635068853806045, 1635068853806160, 115
182, 1635068853819810, 1635068853819917, 107
183, 1635068853833604, 1635068853833710, 106
184, 1635068853853740, 1635068853853857, 117
185, 1635068853870671, 1635068853870777, 106
186, 1635068853884380, 1635068853884515, 135
187, 1635068853911334, 1635068853911443, 109
188, 1635068853931569, 1635068853931674, 105
189, 1635068853954666, 1635068853954787, 121
190, 1635068853973702, 1635068853973722, 20
191, 1635068853988377, 1635068853988396, 19
192, 1635068854003163, 1635068854003184, 21
193, 1635068854019269, 1635068854019287, 18
194, 1635068854036181, 1635068854036201, 20
195, 1635068854050876, 1635068854050895, 19
196, 1635068854066903, 1635068854066922, 19
197, 1635068854083020, 1635068854083040, 20
198, 1635068854100080, 1635068854100100, 20
199, 1635068854114708, 1635068854114728, 20
