0, 1635068803881667, 1635068803881821, 154
1, 1635068803902698, 1635068803904234, 1536
2, 1635068803920924, 1635068803921075, 151
3, 1635068803934631, 1635068803934695, 64
4, 1635068803951571, 1635068803951728, 157
5, 1635068803968181, 1635068803968202, 21
6, 1635068803984910, 1635068803986090, 1180
7, 1635068804001792, 1635068804001853, 61
8, 1635068804022209, 1635068804022354, 145
9, 1635068804038844, 1635068804038864, 20
10, 1635068804058559, 1635068804058706, 147
11, 1635068804074557, 1635068804074720, 163
12, 1635068804090725, 1635068804092379, 1654
13, 1635068804109029, 1635068804109307, 278
14, 1635068804124883, 1635068804124944, 61
15, 1635068804141914, 1635068804142058, 144
16, 1635068804158540, 1635068804158560, 20
17, 1635068804175362, 1635068804175610, 248
18, 1635068804191785, 1635068804191949, 164
19, 1635068804211251, 1635068804212915, 1664
20, 1635068804230293, 1635068804230352, 59
21, 1635068804247187, 1635068804247332, 145
22, 1635068804263723, 1635068804263744, 21
23, 1635068804280424, 1635068804280685, 261
24, 1635068804298805, 1635068804298967, 162
25, 1635068804315892, 1635068804317619, 1727
26, 1635068804331811, 1635068804331873, 62
27, 1635068804349026, 1635068804349168, 142
28, 1635068804364742, 1635068804364761, 19
29, 1635068804381661, 1635068804381682, 21
30, 1635068804404978, 1635068804405037, 59
31, 1635068804420750, 1635068804420809, 59
32, 1635068804436101, 1635068804436162, 61
33, 1635068804453185, 1635068804453244, 59
34, 1635068804469311, 1635068804469330, 19
35, 1635068804485602, 1635068804485716, 114
36, 1635068804504489, 1635068804504508, 19
37, 1635068804520307, 1635068804520475, 168
38, 1635068804535899, 1635068804536003, 104
39, 1635068804551563, 1635068804551584, 21
40, 1635068804568460, 1635068804568520, 60
41, 1635068804587252, 1635068804587312, 60
42, 1635068804606428, 1635068804606488, 60
43, 1635068804622244, 1635068804622305, 61
44, 1635068804638184, 1635068804638246, 62
45, 1635068804655341, 1635068804655475, 134
46, 1635068804672074, 1635068804672093, 19
47, 1635068804691076, 1635068804691095, 19
48, 1635068804708238, 1635068804708474, 236
49, 1635068804724806, 1635068804725016, 210
50, 1635068804741596, 1635068804744148, 2552
51, 1635068804761409, 1635068804761469, 60
52, 1635068804778684, 1635068804778830, 146
53, 1635068804796027, 1635068804796171, 144
54, 1635068804809781, 1635068804813664, 3883
55, 1635068804825708, 1635068804825876, 168
56, 1635068804842351, 1635068804842412, 61
57, 1635068804859709, 1635068804859846, 137
58, 1635068804877585, 1635068804877606, 21
59, 1635068804893033, 1635068804893054, 21
60, 1635068804907396, 1635068804907417, 21
61, 1635068804923639, 1635068804923699, 60
62, 1635068804943641, 1635068804943661, 20
63, 1635068804959894, 1635068804959914, 20
64, 1635068804979268, 1635068804979290, 22
65, 1635068804995159, 1635068804995180, 21
66, 1635068805011181, 1635068805011200, 19
67, 1635068805027385, 1635068805027405, 20
68, 1635068805043749, 1635068805043769, 20
69, 1635068805063117, 1635068805063139, 22
70, 1635068805078955, 1635068805078975, 20
71, 1635068805094903, 1635068805094923, 20
72, 1635068805111042, 1635068805111062, 20
73, 1635068805127316, 1635068805127430, 114
74, 1635068805145717, 1635068805145829, 112
75, 1635068805160514, 1635068805160637, 123
76, 1635068805175451, 1635068805175563, 112
77, 1635068805190438, 1635068805190458, 20
78, 1635068805206646, 1635068805206666, 20
79, 1635068805222977, 1635068805222997, 20
80, 1635068805242433, 1635068805242454, 21
81, 1635068805260453, 1635068805260473, 20
82, 1635068805277586, 1635068805277606, 20
83, 1635068805293638, 1635068805293658, 20
84, 1635068805309880, 1635068805309902, 22
85, 1635068805329200, 1635068805329220, 20
86, 1635068805344983, 1635068805345003, 20
87, 1635068805360949, 1635068805360968, 19
88, 1635068805377045, 1635068805377065, 20
89, 1635068805393329, 1635068805393442, 113
90, 1635068805411678, 1635068805411791, 113
91, 1635068805426488, 1635068805426600, 112
92, 1635068805441359, 1635068805441471, 112
93, 1635068805456350, 1635068805456370, 20
94, 1635068805479840, 1635068805479946, 106
95, 1635068805505068, 1635068805505173, 105
96, 1635068805519887, 1635068805520001, 114
97, 1635068805534770, 1635068805534883, 113
98, 1635068805549769, 1635068805549881, 112
99, 1635068805566936, 1635068805567068, 132
100, 1635068805583131, 1635068805583262, 131
101, 1635068805601325, 1635068805601461, 136
102, 1635068805616519, 1635068805616647, 128
103, 1635068805631320, 1635068805631433, 113
104, 1635068805646151, 1635068805646263, 112
105, 1635068805661105, 1635068805661217, 112
106, 1635068805676116, 1635068805676227, 111
107, 1635068805691258, 1635068805691278, 20
108, 1635068805709571, 1635068805709592, 21
109, 1635068805724335, 1635068805724355, 20
110, 1635068805739168, 1635068805739188, 20
111, 1635068805754074, 1635068805754206, 132
112, 1635068805770186, 1635068805770316, 130
113, 1635068805786452, 1635068805786581, 129
114, 1635068805805773, 1635068805805794, 21
115, 1635068805820606, 1635068805820718, 112
116, 1635068805835498, 1635068805835609, 111
117, 1635068805850482, 1635068805850613, 131
118, 1635068805865606, 1635068805865736, 130
119, 1635068805882898, 1635068805883001, 103
120, 1635068805902330, 1635068805902460, 130
121, 1635068805916970, 1635068805917099, 129
122, 1635068805931727, 1635068805931829, 102
123, 1635068805946559, 1635068805946670, 111
124, 1635068805961502, 1635068805961614, 112
125, 1635068805976514, 1635068805976656, 142
126, 1635068805991627, 1635068805991757, 130
127, 1635068806009964, 1635068806010067, 103
128, 1635068806024693, 1635068806024804, 111
129, 1635068806039543, 1635068806039655, 112
130, 1635068806054458, 1635068806054587, 129
131, 1635068806069496, 1635068806069597, 101
132, 1635068806084562, 1635068806084635, 73
133, 1635068806103060, 1635068806103119, 59
134, 1635068806120140, 1635068806120199, 59
135, 1635068806136117, 1635068806136179, 62
136, 1635068806155405, 1635068806155557, 152
137, 1635068806171357, 1635068806171375, 18
138, 1635068806188553, 1635068806188612, 59
139, 1635068806203577, 1635068806203637, 60
140, 1635068806222826, 1635068806222885, 59
141, 1635068806238681, 1635068806238700, 19
142, 1635068806253557, 1635068806253696, 139
143, 1635068806269572, 1635068806269675, 103
144, 1635068806285767, 1635068806285946, 179
145, 1635068806307308, 1635068806307445, 137
146, 1635068806322861, 1635068806322963, 102
147, 1635068806337546, 1635068806337682, 136
148, 1635068806352283, 1635068806352385, 102
149, 1635068806367065, 1635068806367200, 135
150, 1635068806384027, 1635068806384130, 103
151, 1635068806399920, 1635068806400057, 137
152, 1635068806414703, 1635068806414840, 137
153, 1635068806429516, 1635068806429652, 136
154, 1635068806446513, 1635068806446615, 102
155, 1635068806460932, 1635068806461068, 136
156, 1635068806475415, 1635068806475516, 101
157, 1635068806489926, 1635068806490061, 135
158, 1635068806504469, 1635068806504584, 115
159, 1635068806521256, 1635068806521397, 141
160, 1635068806538166, 1635068806538269, 103
161, 1635068806552908, 1635068806553044, 136
162, 1635068806567739, 1635068806567875, 136
163, 1635068806584769, 1635068806584870, 101
164, 1635068806599314, 1635068806599448, 134
165, 1635068806613881, 1635068806613982, 101
166, 1635068806628505, 1635068806628655, 150
167, 1635068806643216, 1635068806643319, 103
168, 1635068806660034, 1635068806660169, 135
169, 1635068806675844, 1635068806675945, 101
170, 1635068806690472, 1635068806690608, 136
171, 1635068806705174, 1635068806705275, 101
172, 1635068806719893, 1635068806720025, 132
173, 1635068806736869, 1635068806736971, 102
174, 1635068806751310, 1635068806751445, 135
175, 1635068806765792, 1635068806765894, 102
176, 1635068806780350, 1635068806780484, 134
177, 1635068806794925, 1635068806795026, 101
178, 1635068806809583, 1635068806809718, 135
179, 1635068806824253, 1635068806824354, 101
180, 1635068806839000, 1635068806839135, 135
181, 1635068806853765, 1635068806853867, 102
182, 1635068806868605, 1635068806868740, 135
183, 1635068806885640, 1635068806885741, 101
184, 1635068806900166, 1635068806900300, 134
185, 1635068806922494, 1635068806922516, 22
186, 1635068806941396, 1635068806941542, 146
187, 1635068806963052, 1635068806963208, 156
188, 1635068806978196, 1635068806979619, 1423
189, 1635068806993314, 1635068806993334, 20
190, 1635068807008529, 1635068807008753, 224
191, 1635068807023450, 1635068807023738, 288
192, 1635068807036732, 1635068807036752, 20
193, 1635068807052060, 1635068807052079, 19
194, 1635068807067396, 1635068807067544, 148
195, 1635068807086795, 1635068807086816, 21
196, 1635068807102219, 1635068807102363, 144
197, 1635068807121237, 1635068807121380, 143
198, 1635068807136873, 1635068807137011, 138
199, 1635068807150952, 1635068807151056, 104
