0, 1635070196655825, 1635070196655825
1, 1635070196665805, 9980
2, 1635070196675804, 9999
3, 1635070196685804, 10000
4, 1635070196695804, 10000
5, 1635070196705804, 10000
6, 1635070196715809, 10005
7, 1635070196725805, 9996
8, 1635070196735806, 10001
9, 1635070196745804, 9998
10, 1635070196755805, 10001
11, 1635070196765804, 9999
12, 1635070196775803, 9999
13, 1635070196785805, 10002
14, 1635070196795805, 10000
15, 1635070196805804, 9999
16, 1635070196815804, 10000
17, 1635070196825804, 10000
18, 1635070196835803, 9999
19, 1635070196845804, 10001
20, 1635070196855804, 10000
21, 1635070196865804, 10000
22, 1635070196875803, 9999
23, 1635070196885804, 10001
24, 1635070196895803, 9999
25, 1635070196905803, 10000
26, 1635070196915805, 10002
27, 1635070196925804, 9999
28, 1635070196935803, 9999
29, 1635070196945808, 10005
30, 1635070196955804, 9996
31, 1635070196965803, 9999
32, 1635070196975803, 10000
33, 1635070196985803, 10000
34, 1635070196995804, 10001
35, 1635070197005803, 9999
36, 1635070197015803, 10000
37, 1635070197025803, 10000
38, 1635070197035804, 10001
39, 1635070197045803, 9999
40, 1635070197055804, 10001
41, 1635070197065804, 10000
42, 1635070197075803, 9999
43, 1635070197085803, 10000
44, 1635070197095804, 10001
45, 1635070197105803, 9999
46, 1635070197115803, 10000
47, 1635070197125804, 10001
48, 1635070197135804, 10000
49, 1635070197145803, 9999
50, 1635070197155803, 10000
51, 1635070197165803, 10000
52, 1635070197175803, 10000
53, 1635070197185804, 10001
54, 1635070197195803, 9999
55, 1635070197205803, 10000
56, 1635070197215803, 10000
57, 1635070197225803, 10000
58, 1635070197235803, 10000
59, 1635070197245803, 10000
60, 1635070197255804, 10001
61, 1635070197265803, 9999
62, 1635070197275804, 10001
63, 1635070197285803, 9999
64, 1635070197295803, 10000
65, 1635070197305804, 10001
66, 1635070197315803, 9999
67, 1635070197325804, 10001
68, 1635070197335804, 10000
69, 1635070197345803, 9999
70, 1635070197355803, 10000
71, 1635070197365803, 10000
72, 1635070197375805, 10002
73, 1635070197385804, 9999
74, 1635070197395804, 10000
75, 1635070197405803, 9999
76, 1635070197415804, 10001
77, 1635070197425805, 10001
78, 1635070197435805, 10000
79, 1635070197445805, 10000
80, 1635070197455805, 10000
81, 1635070197465805, 10000
82, 1635070197475805, 10000
83, 1635070197485805, 10000
84, 1635070197495805, 10000
85, 1635070197505804, 9999
86, 1635070197515805, 10001
87, 1635070197525805, 10000
88, 1635070197535805, 10000
89, 1635070197545805, 10000
90, 1635070197555805, 10000
91, 1635070197565805, 10000
92, 1635070197575805, 10000
93, 1635070197585805, 10000
94, 1635070197595802, 9997
95, 1635070197605806, 10004
96, 1635070197615805, 9999
97, 1635070197625807, 10002
98, 1635070197635803, 9996
99, 1635070197645807, 10004
100, 1635070197655806, 9999
101, 1635070197665806, 10000
102, 1635070197675819, 10013
103, 1635070197685804, 9985
104, 1635070197695806, 10002
105, 1635070197705805, 9999
106, 1635070197715802, 9997
107, 1635070197725805, 10003
108, 1635070197735805, 10000
109, 1635070197745805, 10000
110, 1635070197755805, 10000
111, 1635070197765808, 10003
112, 1635070197775805, 9997
113, 1635070197785805, 10000
114, 1635070197795806, 10001
115, 1635070197805806, 10000
116, 1635070197815806, 10000
117, 1635070197825808, 10002
118, 1635070197835805, 9997
119, 1635070197845805, 10000
120, 1635070197855805, 10000
121, 1635070197865805, 10000
122, 1635070197875805, 10000
123, 1635070197885805, 10000
124, 1635070197895804, 9999
125, 1635070197905804, 10000
126, 1635070197915804, 10000
127, 1635070197925804, 10000
128, 1635070197935804, 10000
129, 1635070197945804, 10000
130, 1635070197955804, 10000
131, 1635070197965804, 10000
132, 1635070197975805, 10001
133, 1635070197985806, 10001
134, 1635070197995802, 9996
135, 1635070198005806, 10004
136, 1635070198015806, 10000
137, 1635070198025806, 10000
138, 1635070198035807, 10001
139, 1635070198045802, 9995
140, 1635070198055810, 10008
141, 1635070198065814, 10004
142, 1635070198075810, 9996
143, 1635070198085807, 9997
144, 1635070198095807, 10000
145, 1635070198105804, 9997
146, 1635070198115804, 10000
147, 1635070198125804, 10000
148, 1635070198135803, 9999
149, 1635070198145804, 10001
150, 1635070198155803, 9999
151, 1635070198165802, 9999
152, 1635070198175806, 10004
153, 1635070198185806, 10000
154, 1635070198195804, 9998
155, 1635070198205810, 10006
156, 1635070198215802, 9992
157, 1635070198225807, 10005
158, 1635070198235812, 10005
159, 1635070198245802, 9990
160, 1635070198255810, 10008
161, 1635070198265803, 9993
162, 1635070198275806, 10003
163, 1635070198285802, 9996
164, 1635070198295806, 10004
165, 1635070198305807, 10001
166, 1635070198315807, 10000
167, 1635070198325809, 10002
168, 1635070198335808, 9999
169, 1635070198345810, 10002
170, 1635070198355807, 9997
171, 1635070198365805, 9998
172, 1635070198375805, 10000
173, 1635070198385808, 10003
174, 1635070198395804, 9996
175, 1635070198405804, 10000
176, 1635070198415804, 10000
177, 1635070198425804, 10000
178, 1635070198435803, 9999
179, 1635070198445803, 10000
180, 1635070198455803, 10000
181, 1635070198465803, 10000
182, 1635070198475802, 9999
183, 1635070198485804, 10002
184, 1635070198495803, 9999
185, 1635070198505803, 10000
186, 1635070198515803, 10000
187, 1635070198525803, 10000
188, 1635070198535804, 10001
189, 1635070198545803, 9999
190, 1635070198555803, 10000
191, 1635070198565803, 10000
192, 1635070198575803, 10000
193, 1635070198585803, 10000
194, 1635070198595803, 10000
195, 1635070198605805, 10002
196, 1635070198615805, 10000
197, 1635070198625804, 9999
198, 1635070198635803, 9999
199, 1635070198645805, 10002
