0, 1635070083003696, 1635070083003735, 39
1, 1635070083022952, 1635070083022971, 19
2, 1635070083038162, 1635070083038181, 19
3, 1635070083053063, 1635070083053083, 20
4, 1635070083068826, 1635070083068846, 20
5, 1635070083083783, 1635070083083804, 21
6, 1635070083098798, 1635070083098819, 21
7, 1635070083113821, 1635070083113841, 20
8, 1635070083129730, 1635070083129751, 21
9, 1635070083144824, 1635070083144841, 17
10, 1635070083163096, 1635070083163116, 20
11, 1635070083177920, 1635070083177941, 21
12, 1635070083192751, 1635070083192771, 20
13, 1635070083207651, 1635070083207673, 22
14, 1635070083222584, 1635070083222605, 21
15, 1635070083237554, 1635070083237574, 20
16, 1635070083252538, 1635070083252558, 20
17, 1635070083268409, 1635070083268430, 21
18, 1635070083283537, 1635070083283558, 21
19, 1635070083299486, 1635070083299504, 18
20, 1635070083317843, 1635070083317862, 19
21, 1635070083332727, 1635070083332747, 20
22, 1635070083347679, 1635070083347700, 21
23, 1635070083362637, 1635070083362658, 21
24, 1635070083378501, 1635070083378521, 20
25, 1635070083394278, 1635070083394296, 18
26, 1635070083409235, 1635070083409256, 21
27, 1635070083425080, 1635070083425100, 20
28, 1635070083440967, 1635070083440987, 20
29, 1635070083456867, 1635070083456886, 19
30, 1635070083475117, 1635070083475138, 21
31, 1635070083489896, 1635070083489916, 20
32, 1635070083504738, 1635070083504758, 20
33, 1635070083519626, 1635070083519646, 20
34, 1635070083534535, 1635070083534555, 20
35, 1635070083549507, 1635070083549527, 20
36, 1635070083564493, 1635070083564512, 19
37, 1635070083579545, 1635070083579564, 19
38, 1635070083594601, 1635070083594621, 20
39, 1635070083609724, 1635070083609742, 18
40, 1635070083628038, 1635070083628054, 16
41, 1635070083642861, 1635070083642880, 19
42, 1635070083657722, 1635070083657742, 20
43, 1635070083672594, 1635070083672614, 20
44, 1635070083688359, 1635070083688378, 19
45, 1635070083704130, 1635070083704150, 20
46, 1635070083719147, 1635070083719167, 20
47, 1635070083734192, 1635070083734212, 20
48, 1635070083749249, 1635070083749270, 21
49, 1635070083764371, 1635070083764561, 190
50, 1635070083783071, 1635070083783089, 18
51, 1635070083798726, 1635070083798745, 19
52, 1635070083813559, 1635070083813580, 21
53, 1635070083828461, 1635070083828479, 18
54, 1635070083843398, 1635070083843418, 20
55, 1635070083858346, 1635070083858363, 17
56, 1635070083873362, 1635070083873380, 18
57, 1635070083888394, 1635070083888414, 20
58, 1635070083901604, 1635070083901625, 21
59, 1635070083917506, 1635070083917528, 22
60, 1635070083936836, 1635070083936853, 17
61, 1635070083950602, 1635070083950619, 17
62, 1635070083966215, 1635070083966234, 19
63, 1635070083981395, 1635070083981428, 33
64, 1635070083996642, 1635070083996659, 17
65, 1635070084011557, 1635070084011578, 21
66, 1635070084026483, 1635070084026502, 19
67, 1635070084041477, 1635070084041497, 20
68, 1635070084056496, 1635070084056516, 20
69, 1635070084071934, 1635070084071950, 16
70, 1635070084087058, 1635070084087074, 16
71, 1635070084105368, 1635070084105387, 19
72, 1635070084120208, 1635070084120224, 16
73, 1635070084135039, 1635070084135059, 20
74, 1635070084149937, 1635070084149959, 22
75, 1635070084164876, 1635070084164896, 20
76, 1635070084179853, 1635070084179871, 18
77, 1635070084195183, 1635070084195199, 16
78, 1635070084210231, 1635070084210252, 21
79, 1635070084225669, 1635070084225688, 19
80, 1635070084240766, 1635070084240785, 19
81, 1635070084259105, 1635070084259125, 20
82, 1635070084274251, 1635070084274268, 17
83, 1635070084289111, 1635070084289128, 17
84, 1635070084303985, 1635070084304006, 21
85, 1635070084318921, 1635070084318938, 17
86, 1635070084333865, 1635070084333884, 19
87, 1635070084348881, 1635070084348898, 17
88, 1635070084363928, 1635070084363945, 17
89, 1635070084378983, 1635070084379001, 18
90, 1635070084394453, 1635070084394470, 17
91, 1635070084412764, 1635070084412785, 21
92, 1635070084427592, 1635070084427613, 21
93, 1635070084442426, 1635070084442447, 21
94, 1635070084457360, 1635070084457379, 19
95, 1635070084472374, 1635070084472391, 17
96, 1635070084498424, 1635070084498537, 113
97, 1635070084513767, 1635070084513894, 127
98, 1635070084529975, 1635070084530025, 50
99, 1635070084545341, 1635070084545362, 21
100, 1635070084561267, 1635070084561286, 19
101, 1635070084580619, 1635070084580663, 44
102, 1635070084596503, 1635070084596641, 138
103, 1635070084612144, 1635070084612161, 17
104, 1635070084626151, 1635070084626170, 19
105, 1635070084640125, 1635070084640145, 20
106, 1635070084653366, 1635070084653385, 19
107, 1635070084668613, 1635070084668732, 119
108, 1635070084683846, 1635070084683890, 44
109, 1635070084699142, 1635070084699160, 18
110, 1635070084714454, 1635070084714565, 111
111, 1635070084730360, 1635070084730483, 123
112, 1635070084749673, 1635070084749777, 104
113, 1635070084762811, 1635070084763749, 938
114, 1635070084777636, 1635070084777656, 20
115, 1635070084793311, 1635070084793330, 19
116, 1635070084809259, 1635070084809368, 109
117, 1635070084825249, 1635070084825371, 122
118, 1635070084841254, 1635070084841295, 41
119, 1635070084856553, 1635070084856572, 19
120, 1635070084871862, 1635070084871881, 19
121, 1635070084887261, 1635070084887278, 17
122, 1635070084903419, 1635070084903439, 20
123, 1635070084922567, 1635070084922588, 21
124, 1635070084938170, 1635070084938187, 17
125, 1635070084953836, 1635070084953857, 21
126, 1635070084969549, 1635070084969565, 16
127, 1635070084984744, 1635070084984761, 17
128, 1635070084998574, 1635070084998591, 17
129, 1635070085011856, 1635070085011873, 17
130, 1635070085025750, 1635070085025766, 16
131, 1635070085039040, 1635070085039056, 16
132, 1635070085052308, 1635070085052325, 17
133, 1635070085065588, 1635070085065604, 16
134, 1635070085079518, 1635070085079536, 18
135, 1635070085095420, 1635070085095441, 21
136, 1635070085115004, 1635070085115024, 20
137, 1635070085128142, 1635070085128291, 149
138, 1635070085143216, 1635070085143236, 20
139, 1635070085157204, 1635070085157225, 21
140, 1635070085171168, 1635070085171190, 22
141, 1635070085185140, 1635070085185161, 21
142, 1635070085198385, 1635070085198407, 22
143, 1635070085212458, 1635070085212479, 21
144, 1635070085225727, 1635070085225746, 19
145, 1635070085242189, 1635070085242207, 18
146, 1635070085257621, 1635070085257684, 63
147, 1635070085271908, 1635070085271967, 59
148, 1635070085287171, 1635070085287313, 142
149, 1635070085302482, 1635070085302499, 17
150, 1635070085318083, 1635070085318146, 63
151, 1635070085334748, 1635070085334809, 61
152, 1635070085348097, 1635070085348183, 86
153, 1635070085364245, 1635070085364304, 59
154, 1635070085377648, 1635070085377708, 60
155, 1635070085393261, 1635070085393321, 60
156, 1635070085409388, 1635070085409461, 73
157, 1635070085422714, 1635070085422774, 60
158, 1635070085438096, 1635070085438160, 64
159, 1635070085454062, 1635070085454179, 117
160, 1635070085468309, 1635070085468330, 21
161, 1635070085483569, 1635070085483590, 21
162, 1635070085498894, 1635070085498915, 21
163, 1635070085514237, 1635070085514258, 21
164, 1635070085532659, 1635070085532678, 19
165, 1635070085547721, 1635070085547740, 19
166, 1635070085562889, 1635070085562909, 20
167, 1635070085578822, 1635070085578843, 21
168, 1635070085594833, 1635070085594854, 21
169, 1635070085610084, 1635070085610105, 21
170, 1635070085625408, 1635070085625428, 20
171, 1635070085640752, 1635070085640769, 17
172, 1635070085656143, 1635070085656162, 19
173, 1635070085671609, 1635070085671630, 21
174, 1635070085690097, 1635070085690117, 20
175, 1635070085719851, 1635070085719872, 21
176, 1635070085734871, 1635070085734892, 21
177, 1635070085749963, 1635070085749983, 20
178, 1635070085765851, 1635070085765872, 21
179, 1635070085781042, 1635070085781062, 20
180, 1635070085796247, 1635070085796268, 21
181, 1635070085812302, 1635070085812322, 20
182, 1635070085828375, 1635070085828396, 21
183, 1635070085844599, 1635070085844619, 20
184, 1635070085863796, 1635070085863813, 17
185, 1635070085878960, 1635070085878981, 21
186, 1635070085894936, 1635070085894953, 17
187, 1635070085910194, 1635070085910214, 20
188, 1635070085925468, 1635070085925489, 21
189, 1635070086116638, 1635070086116659, 21
190, 1635070086132517, 1635070086132538, 21
191, 1635070086147141, 1635070086147162, 21
192, 1635070086161842, 1635070086161863, 21
193, 1635070086176586, 1635070086176606, 20
194, 1635070086193249, 1635070086193269, 20
195, 1635070086207669, 1635070086207690, 21
196, 1635070086221098, 1635070086221119, 21
197, 1635070086235626, 1635070086235643, 17
198, 1635070086250162, 1635070086250181, 19
199, 1635070086264746, 1635070086264767, 21
