0, 1635068832205046, 1635068832205108, 62
1, 1635068832225183, 1635068832225189, 6
2, 1635068832238419, 1635068832238426, 7
3, 1635068832256510, 1635068832256516, 6
4, 1635068832270370, 1635068832270373, 3
5, 1635068832284451, 1635068832284453, 2
6, 1635068832298571, 1635068832298573, 2
7, 1635068832313200, 1635068832313204, 4
8, 1635068832327892, 1635068832327896, 4
9, 1635068832341755, 1635068832341760, 5
10, 1635068832355653, 1635068832355658, 5
11, 1635068832370787, 1635068832370792, 5
12, 1635068832385970, 1635068832385978, 8
13, 1635068832401154, 1635068832401157, 3
14, 1635068832415403, 1635068832415405, 2
15, 1635068832429446, 1635068832429447, 1
16, 1635068832443527, 1635068832443534, 7
17, 1635068832457590, 1635068832457594, 4
18, 1635068832471658, 1635068832471660, 2
19, 1635068832485737, 1635068832485741, 4
20, 1635068832504291, 1635068832504293, 2
21, 1635068832519375, 1635068832519378, 3
22, 1635068832534422, 1635068832534426, 4
23, 1635068832549472, 1635068832549474, 2
24, 1635068832563358, 1635068832563362, 4
25, 1635068832577264, 1635068832577271, 7
26, 1635068832591174, 1635068832591177, 3
27, 1635068832605131, 1635068832605137, 6
28, 1635068832620300, 1635068832620308, 8
29, 1635068832635058, 1635068832635063, 5
30, 1635068832650321, 1635068832650322, 1
31, 1635068832664276, 1635068832664282, 6
32, 1635068832679597, 1635068832679603, 6
33, 1635068832698055, 1635068832698056, 1
34, 1635068832711907, 1635068832711912, 5
35, 1635068832726534, 1635068832726538, 4
36, 1635068832740422, 1635068832740428, 6
37, 1635068832754305, 1635068832754313, 8
38, 1635068832768201, 1635068832768209, 8
39, 1635068832782123, 1635068832782125, 2
40, 1635068832796795, 1635068832796797, 2
41, 1635068832810733, 1635068832810739, 6
42, 1635068832825883, 1635068832825886, 3
43, 1635068832841098, 1635068832841099, 1
44, 1635068832856636, 1635068832856642, 6
45, 1635068832871895, 1635068832871897, 2
46, 1635068832886682, 1635068832886685, 3
47, 1635068832900692, 1635068832900700, 8
48, 1635068832919178, 1635068832919181, 3
49, 1635068832934180, 1635068832934248, 68
50, 1635068832949288, 1635068832949293, 5
51, 1635068832963404, 1635068832963407, 3
52, 1635068832977330, 1635068832977338, 8
53, 1635068832991170, 1635068832991175, 5
54, 1635068833005110, 1635068833005113, 3
55, 1635068833019030, 1635068833019037, 7
56, 1635068833032967, 1635068833032972, 5
57, 1635068833048182, 1635068833048190, 8
58, 1635068833062140, 1635068833062143, 3
59, 1635068833076129, 1635068833076130, 1
60, 1635068833090095, 1635068833090100, 5
61, 1635068833105405, 1635068833105409, 4
62, 1635068833120173, 1635068833120175, 2
63, 1635068833138317, 1635068833138321, 4
64, 1635068833152949, 1635068833152957, 8
65, 1635068833166780, 1635068833166783, 3
66, 1635068833180598, 1635068833180603, 5
67, 1635068833194477, 1635068833194482, 5
68, 1635068833209510, 1635068833209515, 5
69, 1635068833224183, 1635068833224186, 3
70, 1635068833238066, 1635068833238075, 9
71, 1635068833252000, 1635068833252006, 6
72, 1635068833265927, 1635068833265929, 2
73, 1635068833280654, 1635068833280656, 2
74, 1635068833294614, 1635068833294615, 1
75, 1635068833308589, 1635068833308591, 2
76, 1635068833322787, 1635068833322789, 2
77, 1635068833337564, 1635068833337566, 2
78, 1635068833353064, 1635068833353068, 4
79, 1635068833368377, 1635068833368383, 6
80, 1635068833385679, 1635068833385683, 4
81, 1635068833400689, 1635068833400690, 1
82, 1635068833414533, 1635068833414535, 2
83, 1635068833429221, 1635068833429226, 5
84, 1635068833443109, 1635068833443114, 5
85, 1635068833458200, 1635068833458203, 3
86, 1635068833472072, 1635068833472078, 6
87, 1635068833486789, 1635068833486791, 2
88, 1635068833500708, 1635068833500714, 6
89, 1635068833514664, 1635068833514669, 5
90, 1635068833528588, 1635068833528596, 8
91, 1635068833542554, 1635068833542557, 3
92, 1635068833557310, 1635068833557311, 1
93, 1635068833572101, 1635068833572108, 7
94, 1635068833586085, 1635068833586092, 7
95, 1635068833600093, 1635068833600097, 4
96, 1635068833614111, 1635068833614113, 2
97, 1635068833628134, 1635068833628139, 5
98, 1635068833649842, 1635068833649849, 7
99, 1635068833665084, 1635068833665086, 2
100, 1635068833679075, 1635068833679080, 5
101, 1635068833694289, 1635068833694327, 38
102, 1635068833709536, 1635068833709541, 5
103, 1635068833724831, 1635068833724833, 2
104, 1635068833740134, 1635068833740135, 1
105, 1635068833755484, 1635068833755489, 5
106, 1635068833770913, 1635068833770915, 2
107, 1635068833786318, 1635068833786322, 4
108, 1635068833805029, 1635068833805031, 2
109, 1635068833820061, 1635068833820063, 2
110, 1635068833835147, 1635068833835148, 1
111, 1635068833850233, 1635068833850234, 1
112, 1635068833865407, 1635068833865413, 6
113, 1635068833880577, 1635068833880582, 5
114, 1635068833895786, 1635068833895789, 3
115, 1635068833911082, 1635068833911083, 1
116, 1635068833926371, 1635068833926372, 1
117, 1635068833941717, 1635068833941718, 1
118, 1635068833960376, 1635068833960378, 2
119, 1635068833975424, 1635068833975429, 5
120, 1635068833990500, 1635068833990502, 2
121, 1635068834009405, 1635068834009423, 18
122, 1635068834024557, 1635068834024562, 5
123, 1635068834038973, 1635068834038979, 6
124, 1635068834054259, 1635068834054261, 2
125, 1635068834068746, 1635068834068749, 3
126, 1635068834084075, 1635068834084076, 1
127, 1635068834098630, 1635068834098632, 2
128, 1635068834116526, 1635068834116529, 3
129, 1635068834130813, 1635068834130817, 4
130, 1635068834145113, 1635068834145117, 4
131, 1635068834159449, 1635068834159451, 2
132, 1635068834173869, 1635068834173873, 4
133, 1635068834188323, 1635068834188325, 2
134, 1635068834202813, 1635068834202817, 4
135, 1635068834217338, 1635068834217340, 2
136, 1635068834230690, 1635068834230695, 5
137, 1635068834246038, 1635068834246089, 51
138, 1635068834260657, 1635068834260712, 55
139, 1635068834278408, 1635068834278463, 55
140, 1635068834293409, 1635068834293427, 18
141, 1635068834309323, 1635068834309326, 3
142, 1635068834322480, 1635068834322485, 5
143, 1635068834337712, 1635068834337716, 4
144, 1635068834352917, 1635068834352920, 3
145, 1635068834370192, 1635068834370197, 5
146, 1635068834383548, 1635068834383549, 1
147, 1635068834396635, 1635068834396637, 2
148, 1635068834409708, 1635068834409710, 2
149, 1635068834423678, 1635068834423681, 3
150, 1635068834437095, 1635068834437100, 5
151, 1635068834450536, 1635068834450538, 2
152, 1635068834463917, 1635068834463955, 38
153, 1635068834482682, 1635068834482687, 5
154, 1635068834497040, 1635068834497043, 3
155, 1635068834510029, 1635068834510034, 5
156, 1635068834523023, 1635068834523027, 4
157, 1635068834536315, 1635068834536320, 5
158, 1635068834549330, 1635068834549335, 5
159, 1635068834562660, 1635068834562663, 3
160, 1635068834577719, 1635068834577720, 1
161, 1635068834592968, 1635068834592973, 5
162, 1635068834608082, 1635068834608087, 5
163, 1635068834623388, 1635068834623396, 8
164, 1635068834638760, 1635068834638762, 2
165, 1635068834652128, 1635068834652136, 8
166, 1635068834670892, 1635068834670898, 6
167, 1635068834685995, 1635068834685997, 2
168, 1635068834700008, 1635068834700010, 2
169, 1635068834715185, 1635068834715190, 5
170, 1635068834730342, 1635068834730345, 3
171, 1635068834745575, 1635068834745578, 3
172, 1635068834760826, 1635068834760832, 6
173, 1635068834776171, 1635068834776174, 3
174, 1635068834791527, 1635068834791531, 4
175, 1635068834804963, 1635068834804968, 5
176, 1635068834820403, 1635068834820407, 4
177, 1635068834839118, 1635068834839119, 1
178, 1635068834854258, 1635068834854261, 3
179, 1635068834869377, 1635068834869379, 2
180, 1635068834884572, 1635068834884576, 4
181, 1635068834897907, 1635068834897908, 1
182, 1635068834913150, 1635068834913154, 4
183, 1635068834928428, 1635068834928435, 7
184, 1635068834943508, 1635068834943512, 4
185, 1635068834956548, 1635068834956550, 2
186, 1635068834971911, 1635068834971918, 7
187, 1635068834987341, 1635068834987348, 7
188, 1635068835005914, 1635068835005916, 2
189, 1635068835021015, 1635068835021021, 6
190, 1635068835036188, 1635068835036192, 4
191, 1635068835049492, 1635068835049494, 2
192, 1635068835063591, 1635068835063595, 4
193, 1635068835087548, 1635068835087552, 4
194, 1635068835100887, 1635068835100890, 3
195, 1635068835116183, 1635068835116189, 6
196, 1635068835131556, 1635068835131564, 8
197, 1635068835146909, 1635068835146916, 7
198, 1635068835162334, 1635068835162342, 8
199, 1635068835181074, 1635068835181079, 5
