0, 1635068749412230, 1635068749412472, 242
1, 1635068749428022, 1635068749428121, 99
2, 1635068749442100, 1635068749442167, 67
3, 1635068749456220, 1635068749456287, 67
4, 1635068749473537, 1635068749473605, 68
5, 1635068749487413, 1635068749487477, 64
6, 1635068749501338, 1635068749501402, 64
7, 1635068749515320, 1635068749515529, 209
8, 1635068749529419, 1635068749529627, 208
9, 1635068749543583, 1635068749543792, 209
10, 1635068749559987, 1635068749560201, 214
11, 1635068749573872, 1635068749574080, 208
12, 1635068749587806, 1635068749588015, 209
13, 1635068749601828, 1635068749602036, 208
14, 1635068749615875, 1635068749616082, 207
15, 1635068749629978, 1635068749630184, 206
16, 1635068749644166, 1635068749644371, 205
17, 1635068749660465, 1635068749660671, 206
18, 1635068749674352, 1635068749674560, 208
19, 1635068749688327, 1635068749688535, 208
20, 1635068749702330, 1635068749702536, 206
21, 1635068749716387, 1635068749716594, 207
22, 1635068749730559, 1635068749730765, 206
23, 1635068749744731, 1635068749744872, 141
24, 1635068749762094, 1635068749762237, 143
25, 1635068749775982, 1635068749776122, 140
26, 1635068749789894, 1635068749790035, 141
27, 1635068749803859, 1635068749803999, 140
28, 1635068749817914, 1635068749818055, 141
29, 1635068749832002, 1635068749832142, 140
30, 1635068749848316, 1635068749848456, 140
31, 1635068749862166, 1635068749862308, 142
32, 1635068749876046, 1635068749876188, 142
33, 1635068749889982, 1635068749890125, 143
34, 1635068749903998, 1635068749904141, 143
35, 1635068749918073, 1635068749918213, 140
36, 1635068749932178, 1635068749932319, 141
37, 1635068749948451, 1635068749948592, 141
38, 1635068749962288, 1635068749962429, 141
39, 1635068749976179, 1635068749976319, 140
40, 1635068749990189, 1635068749990329, 140
41, 1635068750004268, 1635068750004412, 144
42, 1635068750018388, 1635068750018529, 141
43, 1635068750032581, 1635068750032786, 205
44, 1635068750050045, 1635068750050249, 204
45, 1635068750064001, 1635068750064207, 206
46, 1635068750078045, 1635068750078250, 205
47, 1635068750092113, 1635068750092317, 204
48, 1635068750106238, 1635068750106440, 202
49, 1635068750277423, 1635068750277606, 183
50, 1635068750299734, 1635068750299876, 142
51, 1635068750319754, 1635068750319896, 142
52, 1635068750339416, 1635068750339556, 140
53, 1635068750358930, 1635068750359071, 141
54, 1635068750378724, 1635068750378865, 141
55, 1635068750398490, 1635068750398669, 179
56, 1635068750418463, 1635068750418613, 150
57, 1635068750440462, 1635068750440606, 144
58, 1635068750460088, 1635068750460231, 143
59, 1635068750479655, 1635068750479798, 143
60, 1635068750499497, 1635068750499638, 141
61, 1635068750519190, 1635068750519343, 153
62, 1635068750538980, 1635068750539043, 63
63, 1635068750558893, 1635068750558956, 63
64, 1635068750582032, 1635068750582095, 63
65, 1635068750601482, 1635068750601544, 62
66, 1635068750620932, 1635068750620994, 62
67, 1635068750640393, 1635068750640455, 62
68, 1635068750660004, 1635068750660067, 63
69, 1635068750679620, 1635068750679685, 65
70, 1635068750701612, 1635068750701675, 63
71, 1635068750720991, 1635068750721054, 63
72, 1635068750740497, 1635068750740560, 63
73, 1635068750759922, 1635068750759984, 62
74, 1635068750779320, 1635068750779384, 64
75, 1635068750798844, 1635068750798906, 62
76, 1635068750818417, 1635068750818480, 63
77, 1635068750840073, 1635068750840135, 62
78, 1635068750859320, 1635068750859383, 63
79, 1635068750878662, 1635068750878724, 62
80, 1635068750898107, 1635068750898171, 64
81, 1635068750917584, 1635068750917647, 63
82, 1635068750937073, 1635068750937136, 63
83, 1635068750956773, 1635068750956836, 63
84, 1635068750979668, 1635068750979730, 62
85, 1635068750998997, 1635068750999202, 205
86, 1635068751018382, 1635068751018588, 206
87, 1635068751037938, 1635068751038145, 207
88, 1635068751057508, 1635068751057714, 206
89, 1635068751077084, 1635068751077224, 140
90, 1635068751093235, 1635068751093377, 142
91, 1635068751111555, 1635068751111695, 140
92, 1635068751127495, 1635068751127635, 140
93, 1635068751143541, 1635068751143712, 171
94, 1635068751171182, 1635068751171340, 158
95, 1635068751197581, 1635068751197725, 144
96, 1635068751221198, 1635068751221339, 141
97, 1635068751240385, 1635068751240527, 142
98, 1635068751259545, 1635068751259685, 140
99, 1635068751278811, 1635068751278873, 62
100, 1635068751298031, 1635068751298095, 64
101, 1635068751317349, 1635068751317442, 93
102, 1635068751336636, 1635068751336700, 64
103, 1635068751355988, 1635068751356051, 63
104, 1635068751375484, 1635068751375548, 64
105, 1635068751395006, 1635068751395069, 63
106, 1635068751414525, 1635068751414588, 63
107, 1635068751433988, 1635068751434051, 63
108, 1635068751453472, 1635068751453535, 63
109, 1635068751472943, 1635068751473006, 63
110, 1635068751492455, 1635068751492518, 63
111, 1635068751512025, 1635068751512088, 63
112, 1635068751531628, 1635068751531691, 63
113, 1635068751551098, 1635068751551161, 63
114, 1635068751570475, 1635068751570539, 64
115, 1635068751591992, 1635068751592055, 63
116, 1635068751611246, 1635068751611464, 218
117, 1635068751633282, 1635068751633488, 206
118, 1635068751655471, 1635068751655678, 207
119, 1635068751677744, 1635068751677970, 226
120, 1635068751700120, 1635068751700327, 207
121, 1635068751722433, 1635068751722640, 207
122, 1635068751744529, 1635068751744736, 207
123, 1635068751766576, 1635068751766783, 207
124, 1635068751788648, 1635068751788854, 206
125, 1635068751810713, 1635068751810919, 206
126, 1635068751832709, 1635068751832915, 206
127, 1635068751854730, 1635068751854935, 205
128, 1635068751876794, 1635068751877002, 208
129, 1635068751898913, 1635068751899118, 205
130, 1635068751921042, 1635068751921252, 210
131, 1635068751943168, 1635068751943322, 154
132, 1635068751962697, 1635068751962841, 144
133, 1635068751982188, 1635068751982328, 140
134, 1635068752001596, 1635068752001738, 142
135, 1635068752023144, 1635068752023288, 144
136, 1635068752042351, 1635068752042493, 142
137, 1635068752061525, 1635068752061667, 142
138, 1635068752080706, 1635068752080850, 144
139, 1635068752099979, 1635068752100121, 142
140, 1635068752119225, 1635068752119381, 156
141, 1635068752138520, 1635068752138662, 142
142, 1635068752157761, 1635068752157903, 142
143, 1635068752177062, 1635068752177204, 142
144, 1635068752196349, 1635068752196515, 166
145, 1635068752224565, 1635068752224708, 143
146, 1635068752243635, 1635068752243775, 140
147, 1635068752262743, 1635068752262883, 140
148, 1635068752281834, 1635068752281976, 142
149, 1635068752300860, 1635068752301000, 140
150, 1635068752320010, 1635068752320152, 142
151, 1635068752339116, 1635068752339180, 64
152, 1635068752358239, 1635068752358322, 83
153, 1635068752377408, 1635068752377471, 63
154, 1635068752398727, 1635068752398789, 62
155, 1635068752417729, 1635068752417792, 63
156, 1635068752436792, 1635068752436855, 63
157, 1635068752455817, 1635068752455879, 62
158, 1635068752474823, 1635068752474886, 63
159, 1635068752493865, 1635068752493927, 62
160, 1635068752512901, 1635068752512965, 64
161, 1635068752531917, 1635068752531980, 63
162, 1635068752551094, 1635068752551300, 206
163, 1635068752570249, 1635068752570456, 207
164, 1635068752589411, 1635068752589618, 207
165, 1635068752608549, 1635068752608753, 204
166, 1635068752627718, 1635068752627924, 206
167, 1635068752646899, 1635068752647105, 206
168, 1635068752666039, 1635068752666246, 207
169, 1635068752685732, 1635068752685873, 141
170, 1635068752705333, 1635068752705474, 141
171, 1635068752723320, 1635068752723383, 63
172, 1635068752736946, 1635068752737009, 63
173, 1635068752750615, 1635068752750678, 63
174, 1635068752766445, 1635068752766508, 63
175, 1635068752779912, 1635068752779974, 62
176, 1635068752793406, 1635068752793468, 62
177, 1635068752806894, 1635068752807099, 205
178, 1635068752820405, 1635068752820611, 206
179, 1635068752833871, 1635068752834076, 205
180, 1635068752847320, 1635068752847462, 142
181, 1635068752860849, 1635068752861054, 205
182, 1635068752874341, 1635068752874568, 227
183, 1635068752888784, 1635068752888926, 142
184, 1635068752901226, 1635068752901521, 295
185, 1635068752915787, 1635068752915852, 65
186, 1635068752932615, 1635068752932681, 66
187, 1635068752949156, 1635068752949476, 320
188, 1635068752963782, 1635068752963991, 209
189, 1635068752979619, 1635068752979824, 205
190, 1635068752993079, 1635068752993285, 206
191, 1635068753006552, 1635068753006758, 206
192, 1635068753020061, 1635068753020266, 205
193, 1635068753033552, 1635068753033757, 205
194, 1635068753047050, 1635068753047191, 141
195, 1635068753060572, 1635068753060777, 205
196, 1635068753074120, 1635068753074327, 207
197, 1635068753087677, 1635068753087883, 206
198, 1635068753101214, 1635068753101418, 204
199, 1635068753114760, 1635068753114967, 207
